11.7389
9.08407
26.3901
42.8357
33.3515
18.6839
10.0213
5.11508
2.75789
1.62045
0.941633
0.579944
0.359025
0.229839
0.179189
0.179606
0.204167
0.233829
0.256693
0.270762
0.280817
0.293772
0.320734
0.371096
0.439664
0.508281
0.562052
0.59908
0.625454
0.646593
0.664557
0.679711
0.692435
0.703867
0.716255
0.732696
0.756506
0.790735
0.838193
0.901237
0.98116
1.07746
1.18749
1.30652
1.42829
1.54571
1.65169
1.73976
1.80481
1.84397
1.85694
1.84569
1.81444
1.76923
1.71722
1.66611
1.62358
1.59715
1.59424
1.62261
1.69115
1.81108
1.99775
2.27346
2.67174
3.24415
4.07131
5.28127
7.08028
9.80561
14.0171
20.6588
31.3499
48.9171
78.3945
128.949
217.711
377.687
674.814
1246.58
2394.24
4815.29
10222.6
23080.8
55715.2
144017
397685
1.16693e+06
3.61488e+06
1.17473e+07
3.98386e+07
1.4044e+08
5.13248e+08
1.94111e+09
7.58931e+09
3.06568e+10
1.27909e+11
5.5117e+11
2.45291e+12
1.12751e+13