994.957
454.859
120.484
75.9452
43.786
24.4686
13.6016
7.86922
4.1721
2.33564
1.47218
0.916858
0.56504
0.355875
0.246158
0.20272
0.204348
0.257747
0.374701
0.542312
0.715135
0.846815
0.937343
1.02796
1.14598
1.27934
1.40031
1.49292
1.55792
1.60227
1.62992
1.63971
1.6279
1.59143
1.53013
1.44725
1.34878
1.2418
1.13301
1.02764
0.928951
0.838476
0.756441
0.682395
0.615641
0.5555
0.501336
0.452621
0.408884
0.369708
0.334725
0.303627
0.276182
0.252216
0.231595
0.214223
0.20003
0.18897
0.181023
0.176195
0.174522
0.176089
0.181035
0.18957
0.201999
0.21874
0.240353
0.267574
0.30136
0.342935
0.393868
0.456155
0.532337
0.625653
0.740236
0.881381
1.0559
1.27259
1.5429
1.88176
2.30883
2.85016
3.54052
4.42672
5.57233
7.06457
9.02434
11.6212
15.0957
19.7938
26.2198
35.1195
47.6118
65.4024
91.1274
128.947
185.339
271.335
403.968
610.623