0.750156
1.89753
1.16218
1.17185
1.24144
1.24093
1.21528
1.24569
1.22439
1.13186
1.268
1.22833
0.898481
1.72457
2.50901
3.71031
3.94382
2.84716
2.23894
2.00194
1.94304
1.9546
2.13721
2.41457
2.55297
2.55506
2.44414
2.26349
2.049
1.82273
1.69234
1.5774
1.54434
1.48068
1.44632
1.38943
1.33936
1.29638
1.26625
1.26429
1.26815
1.27409
1.31266
1.35538
1.42214
1.49389
1.55454
1.61395
1.63681
1.62573
1.59832
1.54196
1.43462
1.30671
1.14609
0.97302
0.820247
0.689621
0.572241
0.473172
0.392613
0.32013
0.260165
0.210414
0.182732
0.14334
0.116381
0.0954352
0.0793652
0.0667483
0.0549356
0.0456514
0.0380612
0.0318324
0.0281388
0.0241728
0.0210379
0.0192466
0.0180967
0.0183505
0.0211177
0.0249506
0.023001
0.022844
0.0209544
0.018289
0.0155916
0.0123924
0.0101449
0.010468
0.006118
0.0044397
0.00357126
0.00463679
0.0842234
0.0488443
0.0560634
1
1
1